%YAML:1.0
---
camera_matrix: !!opencv-matrix
   rows: 3
   cols: 3
   dt: d
   data: [ 3.4670954606368247e+02, 0., 3.2666008650039402e+02, 0.,
       3.4564184429678795e+02, 2.2728546087212101e+02, 0., 0., 1. ]
dist_coeff: !!opencv-matrix
   rows: 1
   cols: 5
   dt: d
   data: [ -6.6233860961609395e-02, 1.1048350079577762e-01,
       -1.4607336869345898e-03, 3.8322453355833617e-04,
       9.4965920066279047e-02 ]
