%YAML:1.0
---
camera_matrix: !!opencv-matrix
   rows: 3
   cols: 3
   dt: d
   data: [ 4.9064579841642416e+02, 0., 3.5600171496260839e+02, 0.,
       4.9172012412379109e+02, 2.5547511121093865e+02, 0., 0., 1. ]
dist_coeff: !!opencv-matrix
   rows: 1
   cols: 5
   dt: d
   data: [ 3.7831119186646042e-02, -3.0124296455015009e-01,
       9.2847828920394806e-03, 4.9191110670639103e-03,
       9.3388591066524940e-01 ]
