Autopick
Version 0.11
"See slides for hand base, hand coordinates"
HandX,Y,Z,RX,RY,RZ,#Tool,WorkX,Y,Z,RX,RY,RZ,#Model,HandRotmat4
38.9342575073,22.385389328,-13.0475978851,-89.9999979602,-0.0,114.617199569,T0,0,0,0,0,0,0,M0,"-0.416553705931,0.909111082554,0.0,0.0,-3.23655378054e-08,-1.48298511249e-08,-1.0,0.0,-0.909111082554,-0.416553705931,3.56012961333e-08,0.0,38.9342575073,22.385389328,-13.0475978851,1.0"
38.9342575073,22.385389328,-13.0475978851,-89.9999971153,45.0000003179,114.617201874,T0,0,0,0,0,0,0,M0,"-0.294547975063,0.642838597298,-0.707106769085,0.0,0.294547915459,-0.642838597298,-0.707106769085,0.0,-0.909111082554,-0.416553705931,3.56012961333e-08,0.0,38.9342575073,22.385389328,-13.0475978851,1.0"
38.9342575073,22.385389328,-13.0475978851,50.838471057,89.99999677,-104.544337658,T0,0,0,0,0,0,0,M0,"-1.41573970325e-08,-5.45683569442e-08,-1.0,0.0,0.416553705931,-0.909111082554,4.37113882867e-08,0.0,-0.909111022949,-0.416553676128,3.56012925806e-08,0.0,38.9342575073,22.385389328,-13.0475978851,1.0"
38.9342575073,22.385389328,-13.0475978851,89.9999971153,45.0000013238,-65.3828025164,T0,0,0,0,0,0,0,M0,"0.294547915459,-0.642838597298,-0.707106769085,0.0,0.294547975063,-0.642838597298,0.707106769085,0.0,-0.909111082554,-0.416553705931,3.56012961333e-08,0.0,38.9342575073,22.385389328,-13.0475978851,1.0"
38.9342575073,22.385389328,-13.0475978851,89.9999979602,-5.00895625533e-06,-65.3828004313,T0,0,0,0,0,0,0,M0,"0.416553705931,-0.909111082554,8.74227765735e-08,0.0,-4.05074374044e-09,9.43068627635e-08,1.0,0.0,-0.909111082554,-0.416553705931,3.56012961333e-08,0.0,38.9342575073,22.385389328,-13.0475978851,1.0"
38.9342575073,22.385389328,-13.0475978851,89.9999971153,-44.9999952047,-65.3827979422,T0,0,0,0,0,0,0,M0,"0.294548004866,-0.642838656902,0.70710670948,0.0,-0.294547885656,0.642838537693,0.70710682869,0.0,-0.909111082554,-0.416553705931,3.56012961333e-08,0.0,38.9342575073,22.385389328,-13.0475978851,1.0"
38.9342575073,22.385389328,-13.0475978851,-18.5186014603,-89.9999978488,43.1357953633,T0,0,0,0,0,0,0,M0,"2.7398185054e-08,2.56708929669e-08,1.0,0.0,-0.416553705931,0.909111082554,-1.19248806385e-08,0.0,-0.909111082554,-0.416553705931,3.56012961333e-08,0.0,38.9342575073,22.385389328,-13.0475978851,1.0"
38.9342575073,22.385389328,-13.0475978851,-89.9999971153,-45.0000110471,114.617199312,T0,0,0,0,0,0,0,M0,"-0.294547885656,0.642838478088,0.707106888294,0.0,-0.294548004866,0.642838716507,-0.707106649876,0.0,-0.909111082554,-0.416553705931,3.56012961333e-08,0.0,38.9342575073,22.385389328,-13.0475978851,1.0"
32.6830177307,13.9424753189,19.4460449219,-89.999993821,-0.0,-65.382791247,T0,0,0,0,0,0,0,M0,"0.416553854942,-0.909111022949,0.0,0.0,9.8042313823e-08,4.49228991783e-08,-1.0,0.0,0.909111022949,0.416553854942,1.07844151387e-07,0.0,32.6830177307,13.9424753189,19.4460449219,1.0"
32.6830177307,13.9424753189,19.4460449219,-89.9999912616,44.9999999985,-65.3827851371,T0,0,0,0,0,0,0,M0,"0.294548124075,-0.642838537693,-0.707106769085,0.0,-0.294547975063,0.642838597298,-0.707106769085,0.0,0.909111022949,0.416553854942,1.07844151387e-07,0.0,32.6830177307,13.9424753189,19.4460449219,1.0"
32.6830177307,13.9424753189,19.4460449219,22.0636966637,89.9999933327,46.6809016323,T0,0,0,0,0,0,0,M0,"7.98341659447e-08,8.46614014449e-08,-1.0,0.0,-0.416553854942,0.909111022949,4.37113882867e-08,0.0,0.909110963345,0.41655382514,1.07844144281e-07,0.0,32.6830177307,13.9424753189,19.4460449219,1.0"
32.6830177307,13.9424753189,19.4460449219,89.9999912616,45.0000003179,114.617201874,T0,0,0,0,0,0,0,M0,"-0.294547975063,0.642838597298,-0.707106769085,0.0,-0.294548124075,0.642838537693,0.707106769085,0.0,0.909111022949,0.416553854942,1.07844151387e-07,0.0,32.6830177307,13.9424753189,19.4460449219,1.0"
32.6830177307,13.9424753189,19.4460449219,89.999993821,-5.00895621584e-06,114.617208753,T0,0,0,0,0,0,0,M0,"-0.416553854942,0.909111022949,8.74227765735e-08,0.0,-6.16260180664e-08,-1.24399903711e-07,1.0,0.0,0.909111022949,0.416553854942,1.07844151387e-07,0.0,32.6830177307,13.9424753189,19.4460449219,1.0"
32.6830177307,13.9424753189,19.4460449219,89.9999912616,-44.9999948853,114.617215046,T0,0,0,0,0,0,0,M0,"-0.294548153877,0.642838597298,0.70710670948,0.0,0.294547945261,-0.642838537693,0.70710682869,0.0,0.909111022949,0.416553854942,1.07844151387e-07,0.0,32.6830177307,13.9424753189,19.4460449219,1.0"
32.6830177307,13.9424753189,19.4460449219,-6.30985479323,-89.9999937833,-149.072936865,T0,0,0,0,0,0,0,M0,"-9.30749592953e-08,-5.57639410204e-08,1.0,0.0,0.416553854942,-0.909111022949,-1.19248806385e-08,0.0,0.909111022949,0.416553854942,1.07844151387e-07,0.0,32.6830177307,13.9424753189,19.4460449219,1.0"
32.6830177307,13.9424753189,19.4460449219,-89.9999912616,-45.0000100412,-65.3827962974,T0,0,0,0,0,0,0,M0,"0.294547945261,-0.642838478088,0.707106888294,0.0,0.29454818368,-0.642838656902,-0.707106649876,0.0,0.909111022949,0.416553854942,1.07844151387e-07,0.0,32.6830177307,13.9424753189,19.4460449219,1.0"
-40.1457366943,19.7413883209,-9.80509853363,-90.0000013284,-0.0,-114.617199569,T0,0,0,0,0,0,0,M0,"-0.416553705931,-0.909111082554,0.0,0.0,-2.10771560205e-08,9.65752988691e-09,-1.0,0.0,0.909111082554,-0.416553705931,-2.31843575449e-08,0.0,-40.1457366943,19.7413883209,-9.80509853363,1.0"
-40.1457366943,19.7413883209,-9.80509853363,-90.0000018786,45.0000008208,-114.617199679,T0,0,0,0,0,0,0,M0,"-0.294547945261,-0.642838597298,-0.707106769085,0.0,0.294547915459,0.642838597298,-0.707106769085,0.0,0.909111082554,-0.416553705931,-2.31843575449e-08,0.0,-40.1457366943,19.7413883209,-9.80509853363,1.0"
-40.1457366943,19.7413883209,-9.80509853363,117.941310742,89.999997165,93.3241127051,T0,0,0,0,0,0,0,M0,"-2.8690152476e-09,4.93960357062e-08,-1.0,0.0,0.416553705931,0.909111082554,4.37113882867e-08,0.0,0.909111022949,-0.416553676128,-2.31843557685e-08,0.0,-40.1457366943,19.7413883209,-9.80509853363,1.0"
-40.1457366943,19.7413883209,-9.80509853363,90.0000018786,45.0000013238,65.3828025164,T0,0,0,0,0,0,0,M0,"0.294547915459,0.642838597298,-0.707106769085,0.0,0.294547945261,0.642838597298,0.707106769085,0.0,0.909111082554,-0.416553705931,-2.31843575449e-08,0.0,-40.1457366943,19.7413883209,-9.80509853363,1.0"
-40.1457366943,19.7413883209,-9.80509853363,90.0000013284,-5.00895625533e-06,65.3828004313,T0,0,0,0,0,0,0,M0,"0.416553705931,0.909111082554,8.74227765735e-08,0.0,-1.53391255253e-08,-8.91345450782e-08,1.0,0.0,0.909111082554,-0.416553705931,-2.31843575449e-08,0.0,-40.1457366943,19.7413883209,-9.80509853363,1.0"
-40.1457366943,19.7413883209,-9.80509853363,90.0000018786,-44.9999957077,65.3828001375,T0,0,0,0,0,0,0,M0,"0.294547975063,0.642838656902,0.70710670948,0.0,-0.294547915459,-0.642838537693,0.70710682869,0.0,0.909111082554,-0.416553705931,-2.31843575449e-08,0.0,-40.1457366943,19.7413883209,-9.80509853363,1.0"
-40.1457366943,19.7413883209,-9.80509853363,-152.780963263,-89.9999985062,-51.8362368384,T0,0,0,0,0,0,0,M0,"1.61098032692e-08,-2.04985717289e-08,1.0,0.0,-0.416553705931,-0.909111082554,-1.19248806385e-08,0.0,0.909111082554,-0.416553705931,-2.31843575449e-08,0.0,-40.1457366943,19.7413883209,-9.80509853363,1.0"
-40.1457366943,19.7413883209,-9.80509853363,-90.0000018786,-45.0000110471,-114.617199312,T0,0,0,0,0,0,0,M0,"-0.294547885656,-0.642838478088,0.707106888294,0.0,-0.294548004866,-0.642838716507,-0.707106649876,0.0,0.909111082554,-0.416553705931,-2.31843575449e-08,0.0,-40.1457366943,19.7413883209,-9.80509853363,1.0"
-44.6221733093,9.97175121307,-15.4775524139,-90.0000013284,-0.0,-114.617199569,T0,0,0,0,0,0,0,M0,"-0.416553705931,-0.909111082554,0.0,0.0,-2.10771560205e-08,9.65752988691e-09,-1.0,0.0,0.909111082554,-0.416553705931,-2.31843575449e-08,0.0,-44.6221733093,9.97175121307,-15.4775524139,1.0"
-44.6221733093,9.97175121307,-15.4775524139,-90.0000018786,45.0000008208,-114.617199679,T0,0,0,0,0,0,0,M0,"-0.294547945261,-0.642838597298,-0.707106769085,0.0,0.294547915459,0.642838597298,-0.707106769085,0.0,0.909111082554,-0.416553705931,-2.31843575449e-08,0.0,-44.6221733093,9.97175121307,-15.4775524139,1.0"
-44.6221733093,9.97175121307,-15.4775524139,117.941310742,89.999997165,93.3241127051,T0,0,0,0,0,0,0,M0,"-2.8690152476e-09,4.93960357062e-08,-1.0,0.0,0.416553705931,0.909111082554,4.37113882867e-08,0.0,0.909111022949,-0.416553676128,-2.31843557685e-08,0.0,-44.6221733093,9.97175121307,-15.4775524139,1.0"
-44.6221733093,9.97175121307,-15.4775524139,90.0000018786,45.0000013238,65.3828025164,T0,0,0,0,0,0,0,M0,"0.294547915459,0.642838597298,-0.707106769085,0.0,0.294547945261,0.642838597298,0.707106769085,0.0,0.909111082554,-0.416553705931,-2.31843575449e-08,0.0,-44.6221733093,9.97175121307,-15.4775524139,1.0"
-44.6221733093,9.97175121307,-15.4775524139,90.0000013284,-5.00895625533e-06,65.3828004313,T0,0,0,0,0,0,0,M0,"0.416553705931,0.909111082554,8.74227765735e-08,0.0,-1.53391255253e-08,-8.91345450782e-08,1.0,0.0,0.909111082554,-0.416553705931,-2.31843575449e-08,0.0,-44.6221733093,9.97175121307,-15.4775524139,1.0"
-44.6221733093,9.97175121307,-15.4775524139,90.0000018786,-44.9999957077,65.3828001375,T0,0,0,0,0,0,0,M0,"0.294547975063,0.642838656902,0.70710670948,0.0,-0.294547915459,-0.642838537693,0.70710682869,0.0,0.909111082554,-0.416553705931,-2.31843575449e-08,0.0,-44.6221733093,9.97175121307,-15.4775524139,1.0"
-44.6221733093,9.97175121307,-15.4775524139,-152.780963263,-89.9999985062,-51.8362368384,T0,0,0,0,0,0,0,M0,"1.61098032692e-08,-2.04985717289e-08,1.0,0.0,-0.416553705931,-0.909111082554,-1.19248806385e-08,0.0,0.909111082554,-0.416553705931,-2.31843575449e-08,0.0,-44.6221733093,9.97175121307,-15.4775524139,1.0"
-44.6221733093,9.97175121307,-15.4775524139,-90.0000018786,-45.0000110471,-114.617199312,T0,0,0,0,0,0,0,M0,"-0.294547885656,-0.642838478088,0.707106888294,0.0,-0.294548004866,-0.642838716507,-0.707106649876,0.0,0.909111082554,-0.416553705931,-2.31843575449e-08,0.0,-44.6221733093,9.97175121307,-15.4775524139,1.0"
3.05154442787,-5.91361284256,-20.2999992371,179.999994991,-0.0,0.0,T0,0,0,0,0,0,0,M0,"1.0,0.0,0.0,0.0,0.0,-1.0,8.74227765735e-08,0.0,0.0,-8.74227765735e-08,-1.0,0.0,3.05154442787,-5.91361284256,-20.2999992371,1.0"
3.05154442787,-5.91361284256,-20.2999992371,179.999996458,-3.54186697523e-06,-45.0,T0,0,0,0,0,0,0,M0,"0.707106769085,-0.707106769085,6.18172393274e-08,0.0,-0.707106769085,-0.707106769085,6.18172393274e-08,0.0,0.0,-8.74227765735e-08,-1.0,0.0,3.05154442787,-5.91361284256,-20.2999992371,1.0"
3.05154442787,-5.91361284256,-20.2999992371,-180.0,-5.00895613098e-06,-90.0000025045,T0,0,0,0,0,0,0,M0,"-4.37113882867e-08,-1.0,8.74227765735e-08,0.0,-1.0,4.37113882867e-08,-3.82137093033e-15,0.0,0.0,-8.7422769468e-08,-0.999999940395,0.0,3.05154442787,-5.91361284256,-20.2999992371,1.0"
3.05154442787,-5.91361284256,-20.2999992371,-179.999996458,-3.54186697523e-06,-135.0,T0,0,0,0,0,0,0,M0,"-0.707106769085,-0.707106769085,6.18172393274e-08,0.0,-0.707106769085,0.707106769085,-6.18172393274e-08,0.0,0.0,-8.74227765735e-08,-1.0,0.0,3.05154442787,-5.91361284256,-20.2999992371,1.0"
3.05154442787,-5.91361284256,-20.2999992371,-179.999994991,4.37896852524e-13,179.999994991,T0,0,0,0,0,0,0,M0,"-1.0,8.74227765735e-08,-7.64274186066e-15,0.0,8.74227765735e-08,1.0,-8.74227765735e-08,0.0,0.0,-8.74227765735e-08,-1.0,0.0,3.05154442787,-5.91361284256,-20.2999992371,1.0"
3.05154442787,-5.91361284256,-20.2999992371,-179.999996458,3.54186656812e-06,135.00000483,T0,0,0,0,0,0,0,M0,"-0.70710682869,0.70710670948,-6.1817232222e-08,0.0,0.70710670948,0.70710682869,-6.18172393274e-08,0.0,0.0,-8.74227765735e-08,-1.0,0.0,3.05154442787,-5.91361284256,-20.2999992371,1.0"
3.05154442787,-5.91361284256,-20.2999992371,180.0,5.00895613098e-06,89.9999993168,T0,0,0,0,0,0,0,M0,"1.19248806385e-08,1.0,-8.74227765735e-08,0.0,1.0,-1.19248806385e-08,1.04250612862e-15,0.0,0.0,-8.74227765735e-08,-1.0,0.0,3.05154442787,-5.91361284256,-20.2999992371,1.0"
3.05154442787,-5.91361284256,-20.2999992371,179.999996458,3.54186738234e-06,45.0000096593,T0,0,0,0,0,0,0,M0,"0.707106649876,0.707106888294,-6.18172464328e-08,0.0,0.707106888294,-0.707106649876,6.18172251166e-08,0.0,0.0,-8.74227765735e-08,-1.0,0.0,3.05154442787,-5.91361284256,-20.2999992371,1.0"
-8.11772727966,-2.09306573868,-20.2999992371,179.999994991,-0.0,0.0,T0,0,0,0,0,0,0,M0,"1.0,0.0,0.0,0.0,0.0,-1.0,8.74227765735e-08,0.0,0.0,-8.74227765735e-08,-1.0,0.0,-8.11772727966,-2.09306573868,-20.2999992371,1.0"
-8.11772727966,-2.09306573868,-20.2999992371,179.999996458,-3.54186697523e-06,-45.0,T0,0,0,0,0,0,0,M0,"0.707106769085,-0.707106769085,6.18172393274e-08,0.0,-0.707106769085,-0.707106769085,6.18172393274e-08,0.0,0.0,-8.74227765735e-08,-1.0,0.0,-8.11772727966,-2.09306573868,-20.2999992371,1.0"
-8.11772727966,-2.09306573868,-20.2999992371,-180.0,-5.00895613098e-06,-90.0000025045,T0,0,0,0,0,0,0,M0,"-4.37113882867e-08,-1.0,8.74227765735e-08,0.0,-1.0,4.37113882867e-08,-3.82137093033e-15,0.0,0.0,-8.7422769468e-08,-0.999999940395,0.0,-8.11772727966,-2.09306573868,-20.2999992371,1.0"
-8.11772727966,-2.09306573868,-20.2999992371,-179.999996458,-3.54186697523e-06,-135.0,T0,0,0,0,0,0,0,M0,"-0.707106769085,-0.707106769085,6.18172393274e-08,0.0,-0.707106769085,0.707106769085,-6.18172393274e-08,0.0,0.0,-8.74227765735e-08,-1.0,0.0,-8.11772727966,-2.09306573868,-20.2999992371,1.0"
-8.11772727966,-2.09306573868,-20.2999992371,-179.999994991,4.37896852524e-13,179.999994991,T0,0,0,0,0,0,0,M0,"-1.0,8.74227765735e-08,-7.64274186066e-15,0.0,8.74227765735e-08,1.0,-8.74227765735e-08,0.0,0.0,-8.74227765735e-08,-1.0,0.0,-8.11772727966,-2.09306573868,-20.2999992371,1.0"
-8.11772727966,-2.09306573868,-20.2999992371,-179.999996458,3.54186656812e-06,135.00000483,T0,0,0,0,0,0,0,M0,"-0.70710682869,0.70710670948,-6.1817232222e-08,0.0,0.70710670948,0.70710682869,-6.18172393274e-08,0.0,0.0,-8.74227765735e-08,-1.0,0.0,-8.11772727966,-2.09306573868,-20.2999992371,1.0"
-8.11772727966,-2.09306573868,-20.2999992371,180.0,5.00895613098e-06,89.9999993168,T0,0,0,0,0,0,0,M0,"1.19248806385e-08,1.0,-8.74227765735e-08,0.0,1.0,-1.19248806385e-08,1.04250612862e-15,0.0,0.0,-8.74227765735e-08,-1.0,0.0,-8.11772727966,-2.09306573868,-20.2999992371,1.0"
-8.11772727966,-2.09306573868,-20.2999992371,179.999996458,3.54186738234e-06,45.0000096593,T0,0,0,0,0,0,0,M0,"0.707106649876,0.707106888294,-6.18172464328e-08,0.0,0.707106888294,-0.707106649876,6.18172251166e-08,0.0,0.0,-8.74227765735e-08,-1.0,0.0,-8.11772727966,-2.09306573868,-20.2999992371,1.0"
7.56163024902,-15.0564498901,-20.2999992371,179.999994991,-0.0,0.0,T0,0,0,0,0,0,0,M0,"1.0,0.0,0.0,0.0,0.0,-1.0,8.74227765735e-08,0.0,0.0,-8.74227765735e-08,-1.0,0.0,7.56163024902,-15.0564498901,-20.2999992371,1.0"
7.56163024902,-15.0564498901,-20.2999992371,179.999996458,-3.54186697523e-06,-45.0,T0,0,0,0,0,0,0,M0,"0.707106769085,-0.707106769085,6.18172393274e-08,0.0,-0.707106769085,-0.707106769085,6.18172393274e-08,0.0,0.0,-8.74227765735e-08,-1.0,0.0,7.56163024902,-15.0564498901,-20.2999992371,1.0"
7.56163024902,-15.0564498901,-20.2999992371,-180.0,-5.00895613098e-06,-90.0000025045,T0,0,0,0,0,0,0,M0,"-4.37113882867e-08,-1.0,8.74227765735e-08,0.0,-1.0,4.37113882867e-08,-3.82137093033e-15,0.0,0.0,-8.7422769468e-08,-0.999999940395,0.0,7.56163024902,-15.0564498901,-20.2999992371,1.0"
7.56163024902,-15.0564498901,-20.2999992371,-179.999996458,-3.54186697523e-06,-135.0,T0,0,0,0,0,0,0,M0,"-0.707106769085,-0.707106769085,6.18172393274e-08,0.0,-0.707106769085,0.707106769085,-6.18172393274e-08,0.0,0.0,-8.74227765735e-08,-1.0,0.0,7.56163024902,-15.0564498901,-20.2999992371,1.0"
7.56163024902,-15.0564498901,-20.2999992371,-179.999994991,4.37896852524e-13,179.999994991,T0,0,0,0,0,0,0,M0,"-1.0,8.74227765735e-08,-7.64274186066e-15,0.0,8.74227765735e-08,1.0,-8.74227765735e-08,0.0,0.0,-8.74227765735e-08,-1.0,0.0,7.56163024902,-15.0564498901,-20.2999992371,1.0"
7.56163024902,-15.0564498901,-20.2999992371,-179.999996458,3.54186656812e-06,135.00000483,T0,0,0,0,0,0,0,M0,"-0.70710682869,0.70710670948,-6.1817232222e-08,0.0,0.70710670948,0.70710682869,-6.18172393274e-08,0.0,0.0,-8.74227765735e-08,-1.0,0.0,7.56163024902,-15.0564498901,-20.2999992371,1.0"
7.56163024902,-15.0564498901,-20.2999992371,180.0,5.00895613098e-06,89.9999993168,T0,0,0,0,0,0,0,M0,"1.19248806385e-08,1.0,-8.74227765735e-08,0.0,1.0,-1.19248806385e-08,1.04250612862e-15,0.0,0.0,-8.74227765735e-08,-1.0,0.0,7.56163024902,-15.0564498901,-20.2999992371,1.0"
7.56163024902,-15.0564498901,-20.2999992371,179.999996458,3.54186738234e-06,45.0000096593,T0,0,0,0,0,0,0,M0,"0.707106649876,0.707106888294,-6.18172464328e-08,0.0,0.707106888294,-0.707106649876,6.18172251166e-08,0.0,0.0,-8.74227765735e-08,-1.0,0.0,7.56163024902,-15.0564498901,-20.2999992371,1.0"
-4.8490986824,12.2768211365,-20.2999992371,179.999994991,-0.0,0.0,T0,0,0,0,0,0,0,M0,"1.0,0.0,0.0,0.0,0.0,-1.0,8.74227765735e-08,0.0,0.0,-8.74227765735e-08,-1.0,0.0,-4.8490986824,12.2768211365,-20.2999992371,1.0"
-4.8490986824,12.2768211365,-20.2999992371,179.999996458,-3.54186697523e-06,-45.0,T0,0,0,0,0,0,0,M0,"0.707106769085,-0.707106769085,6.18172393274e-08,0.0,-0.707106769085,-0.707106769085,6.18172393274e-08,0.0,0.0,-8.74227765735e-08,-1.0,0.0,-4.8490986824,12.2768211365,-20.2999992371,1.0"
-4.8490986824,12.2768211365,-20.2999992371,-180.0,-5.00895613098e-06,-90.0000025045,T0,0,0,0,0,0,0,M0,"-4.37113882867e-08,-1.0,8.74227765735e-08,0.0,-1.0,4.37113882867e-08,-3.82137093033e-15,0.0,0.0,-8.7422769468e-08,-0.999999940395,0.0,-4.8490986824,12.2768211365,-20.2999992371,1.0"
-4.8490986824,12.2768211365,-20.2999992371,-179.999996458,-3.54186697523e-06,-135.0,T0,0,0,0,0,0,0,M0,"-0.707106769085,-0.707106769085,6.18172393274e-08,0.0,-0.707106769085,0.707106769085,-6.18172393274e-08,0.0,0.0,-8.74227765735e-08,-1.0,0.0,-4.8490986824,12.2768211365,-20.2999992371,1.0"
-4.8490986824,12.2768211365,-20.2999992371,-179.999994991,4.37896852524e-13,179.999994991,T0,0,0,0,0,0,0,M0,"-1.0,8.74227765735e-08,-7.64274186066e-15,0.0,8.74227765735e-08,1.0,-8.74227765735e-08,0.0,0.0,-8.74227765735e-08,-1.0,0.0,-4.8490986824,12.2768211365,-20.2999992371,1.0"
-4.8490986824,12.2768211365,-20.2999992371,-179.999996458,3.54186656812e-06,135.00000483,T0,0,0,0,0,0,0,M0,"-0.70710682869,0.70710670948,-6.1817232222e-08,0.0,0.70710670948,0.70710682869,-6.18172393274e-08,0.0,0.0,-8.74227765735e-08,-1.0,0.0,-4.8490986824,12.2768211365,-20.2999992371,1.0"
-4.8490986824,12.2768211365,-20.2999992371,180.0,5.00895613098e-06,89.9999993168,T0,0,0,0,0,0,0,M0,"1.19248806385e-08,1.0,-8.74227765735e-08,0.0,1.0,-1.19248806385e-08,1.04250612862e-15,0.0,0.0,-8.74227765735e-08,-1.0,0.0,-4.8490986824,12.2768211365,-20.2999992371,1.0"
-4.8490986824,12.2768211365,-20.2999992371,179.999996458,3.54186738234e-06,45.0000096593,T0,0,0,0,0,0,0,M0,"0.707106649876,0.707106888294,-6.18172464328e-08,0.0,0.707106888294,-0.707106649876,6.18172251166e-08,0.0,0.0,-8.74227765735e-08,-1.0,0.0,-4.8490986824,12.2768211365,-20.2999992371,1.0"
-21.3827667236,-14.117058754,-20.2999992371,179.999994991,-0.0,0.0,T0,0,0,0,0,0,0,M0,"1.0,0.0,0.0,0.0,0.0,-1.0,8.74227765735e-08,0.0,0.0,-8.74227765735e-08,-1.0,0.0,-21.3827667236,-14.117058754,-20.2999992371,1.0"
-21.3827667236,-14.117058754,-20.2999992371,179.999996458,-3.54186697523e-06,-45.0,T0,0,0,0,0,0,0,M0,"0.707106769085,-0.707106769085,6.18172393274e-08,0.0,-0.707106769085,-0.707106769085,6.18172393274e-08,0.0,0.0,-8.74227765735e-08,-1.0,0.0,-21.3827667236,-14.117058754,-20.2999992371,1.0"
-21.3827667236,-14.117058754,-20.2999992371,-180.0,-5.00895613098e-06,-90.0000025045,T0,0,0,0,0,0,0,M0,"-4.37113882867e-08,-1.0,8.74227765735e-08,0.0,-1.0,4.37113882867e-08,-3.82137093033e-15,0.0,0.0,-8.7422769468e-08,-0.999999940395,0.0,-21.3827667236,-14.117058754,-20.2999992371,1.0"
-21.3827667236,-14.117058754,-20.2999992371,-179.999996458,-3.54186697523e-06,-135.0,T0,0,0,0,0,0,0,M0,"-0.707106769085,-0.707106769085,6.18172393274e-08,0.0,-0.707106769085,0.707106769085,-6.18172393274e-08,0.0,0.0,-8.74227765735e-08,-1.0,0.0,-21.3827667236,-14.117058754,-20.2999992371,1.0"
-21.3827667236,-14.117058754,-20.2999992371,-179.999994991,4.37896852524e-13,179.999994991,T0,0,0,0,0,0,0,M0,"-1.0,8.74227765735e-08,-7.64274186066e-15,0.0,8.74227765735e-08,1.0,-8.74227765735e-08,0.0,0.0,-8.74227765735e-08,-1.0,0.0,-21.3827667236,-14.117058754,-20.2999992371,1.0"
-21.3827667236,-14.117058754,-20.2999992371,-179.999996458,3.54186656812e-06,135.00000483,T0,0,0,0,0,0,0,M0,"-0.70710682869,0.70710670948,-6.1817232222e-08,0.0,0.70710670948,0.70710682869,-6.18172393274e-08,0.0,0.0,-8.74227765735e-08,-1.0,0.0,-21.3827667236,-14.117058754,-20.2999992371,1.0"
-21.3827667236,-14.117058754,-20.2999992371,180.0,5.00895613098e-06,89.9999993168,T0,0,0,0,0,0,0,M0,"1.19248806385e-08,1.0,-8.74227765735e-08,0.0,1.0,-1.19248806385e-08,1.04250612862e-15,0.0,0.0,-8.74227765735e-08,-1.0,0.0,-21.3827667236,-14.117058754,-20.2999992371,1.0"
-21.3827667236,-14.117058754,-20.2999992371,179.999996458,3.54186738234e-06,45.0000096593,T0,0,0,0,0,0,0,M0,"0.707106649876,0.707106888294,-6.18172464328e-08,0.0,0.707106888294,-0.707106649876,6.18172251166e-08,0.0,0.0,-8.74227765735e-08,-1.0,0.0,-21.3827667236,-14.117058754,-20.2999992371,1.0"
11.4954595566,3.64468884468,-20.2999992371,179.999994991,-0.0,0.0,T0,0,0,0,0,0,0,M0,"1.0,0.0,0.0,0.0,0.0,-1.0,8.74227765735e-08,0.0,0.0,-8.74227765735e-08,-1.0,0.0,11.4954595566,3.64468884468,-20.2999992371,1.0"
11.4954595566,3.64468884468,-20.2999992371,179.999996458,-3.54186697523e-06,-45.0,T0,0,0,0,0,0,0,M0,"0.707106769085,-0.707106769085,6.18172393274e-08,0.0,-0.707106769085,-0.707106769085,6.18172393274e-08,0.0,0.0,-8.74227765735e-08,-1.0,0.0,11.4954595566,3.64468884468,-20.2999992371,1.0"
11.4954595566,3.64468884468,-20.2999992371,-180.0,-5.00895613098e-06,-90.0000025045,T0,0,0,0,0,0,0,M0,"-4.37113882867e-08,-1.0,8.74227765735e-08,0.0,-1.0,4.37113882867e-08,-3.82137093033e-15,0.0,0.0,-8.7422769468e-08,-0.999999940395,0.0,11.4954595566,3.64468884468,-20.2999992371,1.0"
11.4954595566,3.64468884468,-20.2999992371,-179.999996458,-3.54186697523e-06,-135.0,T0,0,0,0,0,0,0,M0,"-0.707106769085,-0.707106769085,6.18172393274e-08,0.0,-0.707106769085,0.707106769085,-6.18172393274e-08,0.0,0.0,-8.74227765735e-08,-1.0,0.0,11.4954595566,3.64468884468,-20.2999992371,1.0"
11.4954595566,3.64468884468,-20.2999992371,-179.999994991,4.37896852524e-13,179.999994991,T0,0,0,0,0,0,0,M0,"-1.0,8.74227765735e-08,-7.64274186066e-15,0.0,8.74227765735e-08,1.0,-8.74227765735e-08,0.0,0.0,-8.74227765735e-08,-1.0,0.0,11.4954595566,3.64468884468,-20.2999992371,1.0"
11.4954595566,3.64468884468,-20.2999992371,-179.999996458,3.54186656812e-06,135.00000483,T0,0,0,0,0,0,0,M0,"-0.70710682869,0.70710670948,-6.1817232222e-08,0.0,0.70710670948,0.70710682869,-6.18172393274e-08,0.0,0.0,-8.74227765735e-08,-1.0,0.0,11.4954595566,3.64468884468,-20.2999992371,1.0"
11.4954595566,3.64468884468,-20.2999992371,180.0,5.00895613098e-06,89.9999993168,T0,0,0,0,0,0,0,M0,"1.19248806385e-08,1.0,-8.74227765735e-08,0.0,1.0,-1.19248806385e-08,1.04250612862e-15,0.0,0.0,-8.74227765735e-08,-1.0,0.0,11.4954595566,3.64468884468,-20.2999992371,1.0"
11.4954595566,3.64468884468,-20.2999992371,179.999996458,3.54186738234e-06,45.0000096593,T0,0,0,0,0,0,0,M0,"0.707106649876,0.707106888294,-6.18172464328e-08,0.0,0.707106888294,-0.707106649876,6.18172251166e-08,0.0,0.0,-8.74227765735e-08,-1.0,0.0,11.4954595566,3.64468884468,-20.2999992371,1.0"
21.733631134,4.88424682617,-20.2999992371,179.999994991,-0.0,0.0,T0,0,0,0,0,0,0,M0,"1.0,0.0,0.0,0.0,0.0,-1.0,8.74227765735e-08,0.0,0.0,-8.74227765735e-08,-1.0,0.0,21.733631134,4.88424682617,-20.2999992371,1.0"
21.733631134,4.88424682617,-20.2999992371,179.999996458,-3.54186697523e-06,-45.0,T0,0,0,0,0,0,0,M0,"0.707106769085,-0.707106769085,6.18172393274e-08,0.0,-0.707106769085,-0.707106769085,6.18172393274e-08,0.0,0.0,-8.74227765735e-08,-1.0,0.0,21.733631134,4.88424682617,-20.2999992371,1.0"
21.733631134,4.88424682617,-20.2999992371,-180.0,-5.00895613098e-06,-90.0000025045,T0,0,0,0,0,0,0,M0,"-4.37113882867e-08,-1.0,8.74227765735e-08,0.0,-1.0,4.37113882867e-08,-3.82137093033e-15,0.0,0.0,-8.7422769468e-08,-0.999999940395,0.0,21.733631134,4.88424682617,-20.2999992371,1.0"
21.733631134,4.88424682617,-20.2999992371,-179.999996458,-3.54186697523e-06,-135.0,T0,0,0,0,0,0,0,M0,"-0.707106769085,-0.707106769085,6.18172393274e-08,0.0,-0.707106769085,0.707106769085,-6.18172393274e-08,0.0,0.0,-8.74227765735e-08,-1.0,0.0,21.733631134,4.88424682617,-20.2999992371,1.0"
21.733631134,4.88424682617,-20.2999992371,-179.999994991,4.37896852524e-13,179.999994991,T0,0,0,0,0,0,0,M0,"-1.0,8.74227765735e-08,-7.64274186066e-15,0.0,8.74227765735e-08,1.0,-8.74227765735e-08,0.0,0.0,-8.74227765735e-08,-1.0,0.0,21.733631134,4.88424682617,-20.2999992371,1.0"
21.733631134,4.88424682617,-20.2999992371,-179.999996458,3.54186656812e-06,135.00000483,T0,0,0,0,0,0,0,M0,"-0.70710682869,0.70710670948,-6.1817232222e-08,0.0,0.70710670948,0.70710682869,-6.18172393274e-08,0.0,0.0,-8.74227765735e-08,-1.0,0.0,21.733631134,4.88424682617,-20.2999992371,1.0"
21.733631134,4.88424682617,-20.2999992371,180.0,5.00895613098e-06,89.9999993168,T0,0,0,0,0,0,0,M0,"1.19248806385e-08,1.0,-8.74227765735e-08,0.0,1.0,-1.19248806385e-08,1.04250612862e-15,0.0,0.0,-8.74227765735e-08,-1.0,0.0,21.733631134,4.88424682617,-20.2999992371,1.0"
21.733631134,4.88424682617,-20.2999992371,179.999996458,3.54186738234e-06,45.0000096593,T0,0,0,0,0,0,0,M0,"0.707106649876,0.707106888294,-6.18172464328e-08,0.0,0.707106888294,-0.707106649876,6.18172251166e-08,0.0,0.0,-8.74227765735e-08,-1.0,0.0,21.733631134,4.88424682617,-20.2999992371,1.0"
-15.3136663437,16.1951351166,-20.2999992371,179.999994991,-0.0,0.0,T0,0,0,0,0,0,0,M0,"1.0,0.0,0.0,0.0,0.0,-1.0,8.74227765735e-08,0.0,0.0,-8.74227765735e-08,-1.0,0.0,-15.3136663437,16.1951351166,-20.2999992371,1.0"
-15.3136663437,16.1951351166,-20.2999992371,-180.0,-5.00895613098e-06,-90.0000025045,T0,0,0,0,0,0,0,M0,"-4.37113882867e-08,-1.0,8.74227765735e-08,0.0,-1.0,4.37113882867e-08,-3.82137093033e-15,0.0,0.0,-8.7422769468e-08,-0.999999940395,0.0,-15.3136663437,16.1951351166,-20.2999992371,1.0"
-15.3136663437,16.1951351166,-20.2999992371,-179.999994991,4.37896852524e-13,179.999994991,T0,0,0,0,0,0,0,M0,"-1.0,8.74227765735e-08,-7.64274186066e-15,0.0,8.74227765735e-08,1.0,-8.74227765735e-08,0.0,0.0,-8.74227765735e-08,-1.0,0.0,-15.3136663437,16.1951351166,-20.2999992371,1.0"
-15.3136663437,16.1951351166,-20.2999992371,180.0,5.00895613098e-06,89.9999993168,T0,0,0,0,0,0,0,M0,"1.19248806385e-08,1.0,-8.74227765735e-08,0.0,1.0,-1.19248806385e-08,1.04250612862e-15,0.0,0.0,-8.74227765735e-08,-1.0,0.0,-15.3136663437,16.1951351166,-20.2999992371,1.0"
-3.71405982971,2.12936639786,-29.5,0.0,-0.0,0.0,T0,0,0,0,0,0,0,M0,"1.0,0.0,0.0,0.0,0.0,1.0,0.0,0.0,0.0,0.0,1.0,0.0,-3.71405982971,2.12936639786,-29.5,1.0"
-3.71405982971,2.12936639786,-29.5,0.0,-0.0,45.0,T0,0,0,0,0,0,0,M0,"0.707106769085,0.707106769085,0.0,0.0,-0.707106769085,0.707106769085,0.0,0.0,0.0,0.0,1.0,0.0,-3.71405982971,2.12936639786,-29.5,1.0"
-3.71405982971,2.12936639786,-29.5,0.0,-0.0,90.0000025045,T0,0,0,0,0,0,0,M0,"-4.37113882867e-08,1.0,0.0,0.0,-1.0,-4.37113882867e-08,0.0,0.0,0.0,0.0,0.999999940395,0.0,-3.71405982971,2.12936639786,-29.5,1.0"
-3.71405982971,2.12936639786,-29.5,0.0,-0.0,135.0,T0,0,0,0,0,0,0,M0,"-0.707106769085,0.707106769085,0.0,0.0,-0.707106769085,-0.707106769085,0.0,0.0,0.0,0.0,1.0,0.0,-3.71405982971,2.12936639786,-29.5,1.0"
-3.71405982971,2.12936639786,-29.5,0.0,-0.0,-179.999994991,T0,0,0,0,0,0,0,M0,"-1.0,-8.74227765735e-08,0.0,0.0,8.74227765735e-08,-1.0,0.0,0.0,0.0,0.0,1.0,0.0,-3.71405982971,2.12936639786,-29.5,1.0"
-3.71405982971,2.12936639786,-29.5,0.0,-0.0,-135.00000483,T0,0,0,0,0,0,0,M0,"-0.70710682869,-0.70710670948,0.0,0.0,0.70710670948,-0.70710682869,0.0,0.0,0.0,0.0,1.0,0.0,-3.71405982971,2.12936639786,-29.5,1.0"
-3.71405982971,2.12936639786,-29.5,0.0,-0.0,-89.9999993168,T0,0,0,0,0,0,0,M0,"1.19248806385e-08,-1.0,0.0,0.0,1.0,1.19248806385e-08,0.0,0.0,0.0,0.0,1.0,0.0,-3.71405982971,2.12936639786,-29.5,1.0"
-3.71405982971,2.12936639786,-29.5,0.0,-0.0,-45.0000096593,T0,0,0,0,0,0,0,M0,"0.707106649876,-0.707106888294,0.0,0.0,0.707106888294,0.707106649876,0.0,0.0,0.0,0.0,1.0,0.0,-3.71405982971,2.12936639786,-29.5,1.0"
-38.3438682556,-7.89797210693,-29.5,0.0,-0.0,0.0,T0,0,0,0,0,0,0,M0,"1.0,0.0,0.0,0.0,0.0,1.0,0.0,0.0,0.0,0.0,1.0,0.0,-38.3438682556,-7.89797210693,-29.5,1.0"
-38.3438682556,-7.89797210693,-29.5,0.0,-0.0,45.0,T0,0,0,0,0,0,0,M0,"0.707106769085,0.707106769085,0.0,0.0,-0.707106769085,0.707106769085,0.0,0.0,0.0,0.0,1.0,0.0,-38.3438682556,-7.89797210693,-29.5,1.0"
-38.3438682556,-7.89797210693,-29.5,0.0,-0.0,90.0000025045,T0,0,0,0,0,0,0,M0,"-4.37113882867e-08,1.0,0.0,0.0,-1.0,-4.37113882867e-08,0.0,0.0,0.0,0.0,0.999999940395,0.0,-38.3438682556,-7.89797210693,-29.5,1.0"
-38.3438682556,-7.89797210693,-29.5,0.0,-0.0,135.0,T0,0,0,0,0,0,0,M0,"-0.707106769085,0.707106769085,0.0,0.0,-0.707106769085,-0.707106769085,0.0,0.0,0.0,0.0,1.0,0.0,-38.3438682556,-7.89797210693,-29.5,1.0"
-38.3438682556,-7.89797210693,-29.5,0.0,-0.0,-179.999994991,T0,0,0,0,0,0,0,M0,"-1.0,-8.74227765735e-08,0.0,0.0,8.74227765735e-08,-1.0,0.0,0.0,0.0,0.0,1.0,0.0,-38.3438682556,-7.89797210693,-29.5,1.0"
-38.3438682556,-7.89797210693,-29.5,0.0,-0.0,-135.00000483,T0,0,0,0,0,0,0,M0,"-0.70710682869,-0.70710670948,0.0,0.0,0.70710670948,-0.70710682869,0.0,0.0,0.0,0.0,1.0,0.0,-38.3438682556,-7.89797210693,-29.5,1.0"
-38.3438682556,-7.89797210693,-29.5,0.0,-0.0,-89.9999993168,T0,0,0,0,0,0,0,M0,"1.19248806385e-08,-1.0,0.0,0.0,1.0,1.19248806385e-08,0.0,0.0,0.0,0.0,1.0,0.0,-38.3438682556,-7.89797210693,-29.5,1.0"
-38.3438682556,-7.89797210693,-29.5,0.0,-0.0,-45.0000096593,T0,0,0,0,0,0,0,M0,"0.707106649876,-0.707106888294,0.0,0.0,0.707106888294,0.707106649876,0.0,0.0,0.0,0.0,1.0,0.0,-38.3438682556,-7.89797210693,-29.5,1.0"
-6.57341146469,16.5221271515,-29.5,0.0,-0.0,0.0,T0,0,0,0,0,0,0,M0,"1.0,0.0,0.0,0.0,0.0,1.0,0.0,0.0,0.0,0.0,1.0,0.0,-6.57341146469,16.5221271515,-29.5,1.0"
-6.57341146469,16.5221271515,-29.5,0.0,-0.0,45.0,T0,0,0,0,0,0,0,M0,"0.707106769085,0.707106769085,0.0,0.0,-0.707106769085,0.707106769085,0.0,0.0,0.0,0.0,1.0,0.0,-6.57341146469,16.5221271515,-29.5,1.0"
-6.57341146469,16.5221271515,-29.5,0.0,-0.0,90.0000025045,T0,0,0,0,0,0,0,M0,"-4.37113882867e-08,1.0,0.0,0.0,-1.0,-4.37113882867e-08,0.0,0.0,0.0,0.0,0.999999940395,0.0,-6.57341146469,16.5221271515,-29.5,1.0"
-6.57341146469,16.5221271515,-29.5,0.0,-0.0,135.0,T0,0,0,0,0,0,0,M0,"-0.707106769085,0.707106769085,0.0,0.0,-0.707106769085,-0.707106769085,0.0,0.0,0.0,0.0,1.0,0.0,-6.57341146469,16.5221271515,-29.5,1.0"
-6.57341146469,16.5221271515,-29.5,0.0,-0.0,-179.999994991,T0,0,0,0,0,0,0,M0,"-1.0,-8.74227765735e-08,0.0,0.0,8.74227765735e-08,-1.0,0.0,0.0,0.0,0.0,1.0,0.0,-6.57341146469,16.5221271515,-29.5,1.0"
-6.57341146469,16.5221271515,-29.5,0.0,-0.0,-135.00000483,T0,0,0,0,0,0,0,M0,"-0.70710682869,-0.70710670948,0.0,0.0,0.70710670948,-0.70710682869,0.0,0.0,0.0,0.0,1.0,0.0,-6.57341146469,16.5221271515,-29.5,1.0"
-6.57341146469,16.5221271515,-29.5,0.0,-0.0,-89.9999993168,T0,0,0,0,0,0,0,M0,"1.19248806385e-08,-1.0,0.0,0.0,1.0,1.19248806385e-08,0.0,0.0,0.0,0.0,1.0,0.0,-6.57341146469,16.5221271515,-29.5,1.0"
-6.57341146469,16.5221271515,-29.5,0.0,-0.0,-45.0000096593,T0,0,0,0,0,0,0,M0,"0.707106649876,-0.707106888294,0.0,0.0,0.707106888294,0.707106649876,0.0,0.0,0.0,0.0,1.0,0.0,-6.57341146469,16.5221271515,-29.5,1.0"
11.037229538,15.2934970856,-29.5,0.0,-0.0,0.0,T0,0,0,0,0,0,0,M0,"1.0,0.0,0.0,0.0,0.0,1.0,0.0,0.0,0.0,0.0,1.0,0.0,11.037229538,15.2934970856,-29.5,1.0"
11.037229538,15.2934970856,-29.5,0.0,-0.0,45.0,T0,0,0,0,0,0,0,M0,"0.707106769085,0.707106769085,0.0,0.0,-0.707106769085,0.707106769085,0.0,0.0,0.0,0.0,1.0,0.0,11.037229538,15.2934970856,-29.5,1.0"
11.037229538,15.2934970856,-29.5,0.0,-0.0,90.0000025045,T0,0,0,0,0,0,0,M0,"-4.37113882867e-08,1.0,0.0,0.0,-1.0,-4.37113882867e-08,0.0,0.0,0.0,0.0,0.999999940395,0.0,11.037229538,15.2934970856,-29.5,1.0"
11.037229538,15.2934970856,-29.5,0.0,-0.0,135.0,T0,0,0,0,0,0,0,M0,"-0.707106769085,0.707106769085,0.0,0.0,-0.707106769085,-0.707106769085,0.0,0.0,0.0,0.0,1.0,0.0,11.037229538,15.2934970856,-29.5,1.0"
11.037229538,15.2934970856,-29.5,0.0,-0.0,-179.999994991,T0,0,0,0,0,0,0,M0,"-1.0,-8.74227765735e-08,0.0,0.0,8.74227765735e-08,-1.0,0.0,0.0,0.0,0.0,1.0,0.0,11.037229538,15.2934970856,-29.5,1.0"
11.037229538,15.2934970856,-29.5,0.0,-0.0,-135.00000483,T0,0,0,0,0,0,0,M0,"-0.70710682869,-0.70710670948,0.0,0.0,0.70710670948,-0.70710682869,0.0,0.0,0.0,0.0,1.0,0.0,11.037229538,15.2934970856,-29.5,1.0"
11.037229538,15.2934970856,-29.5,0.0,-0.0,-89.9999993168,T0,0,0,0,0,0,0,M0,"1.19248806385e-08,-1.0,0.0,0.0,1.0,1.19248806385e-08,0.0,0.0,0.0,0.0,1.0,0.0,11.037229538,15.2934970856,-29.5,1.0"
11.037229538,15.2934970856,-29.5,0.0,-0.0,-45.0000096593,T0,0,0,0,0,0,0,M0,"0.707106649876,-0.707106888294,0.0,0.0,0.707106888294,0.707106649876,0.0,0.0,0.0,0.0,1.0,0.0,11.037229538,15.2934970856,-29.5,1.0"
19.8898258209,20.9383010864,-29.5,0.0,-0.0,0.0,T0,0,0,0,0,0,0,M0,"1.0,0.0,0.0,0.0,0.0,1.0,0.0,0.0,0.0,0.0,1.0,0.0,19.8898258209,20.9383010864,-29.5,1.0"
19.8898258209,20.9383010864,-29.5,0.0,-0.0,45.0,T0,0,0,0,0,0,0,M0,"0.707106769085,0.707106769085,0.0,0.0,-0.707106769085,0.707106769085,0.0,0.0,0.0,0.0,1.0,0.0,19.8898258209,20.9383010864,-29.5,1.0"
19.8898258209,20.9383010864,-29.5,0.0,-0.0,90.0000025045,T0,0,0,0,0,0,0,M0,"-4.37113882867e-08,1.0,0.0,0.0,-1.0,-4.37113882867e-08,0.0,0.0,0.0,0.0,0.999999940395,0.0,19.8898258209,20.9383010864,-29.5,1.0"
19.8898258209,20.9383010864,-29.5,0.0,-0.0,135.0,T0,0,0,0,0,0,0,M0,"-0.707106769085,0.707106769085,0.0,0.0,-0.707106769085,-0.707106769085,0.0,0.0,0.0,0.0,1.0,0.0,19.8898258209,20.9383010864,-29.5,1.0"
19.8898258209,20.9383010864,-29.5,0.0,-0.0,-179.999994991,T0,0,0,0,0,0,0,M0,"-1.0,-8.74227765735e-08,0.0,0.0,8.74227765735e-08,-1.0,0.0,0.0,0.0,0.0,1.0,0.0,19.8898258209,20.9383010864,-29.5,1.0"
19.8898258209,20.9383010864,-29.5,0.0,-0.0,-135.00000483,T0,0,0,0,0,0,0,M0,"-0.70710682869,-0.70710670948,0.0,0.0,0.70710670948,-0.70710682869,0.0,0.0,0.0,0.0,1.0,0.0,19.8898258209,20.9383010864,-29.5,1.0"
19.8898258209,20.9383010864,-29.5,0.0,-0.0,-89.9999993168,T0,0,0,0,0,0,0,M0,"1.19248806385e-08,-1.0,0.0,0.0,1.0,1.19248806385e-08,0.0,0.0,0.0,0.0,1.0,0.0,19.8898258209,20.9383010864,-29.5,1.0"
19.8898258209,20.9383010864,-29.5,0.0,-0.0,-45.0000096593,T0,0,0,0,0,0,0,M0,"0.707106649876,-0.707106888294,0.0,0.0,0.707106888294,0.707106649876,0.0,0.0,0.0,0.0,1.0,0.0,19.8898258209,20.9383010864,-29.5,1.0"
12.3339977264,3.46825861931,-29.5,0.0,-0.0,0.0,T0,0,0,0,0,0,0,M0,"1.0,0.0,0.0,0.0,0.0,1.0,0.0,0.0,0.0,0.0,1.0,0.0,12.3339977264,3.46825861931,-29.5,1.0"
12.3339977264,3.46825861931,-29.5,0.0,-0.0,45.0,T0,0,0,0,0,0,0,M0,"0.707106769085,0.707106769085,0.0,0.0,-0.707106769085,0.707106769085,0.0,0.0,0.0,0.0,1.0,0.0,12.3339977264,3.46825861931,-29.5,1.0"
12.3339977264,3.46825861931,-29.5,0.0,-0.0,90.0000025045,T0,0,0,0,0,0,0,M0,"-4.37113882867e-08,1.0,0.0,0.0,-1.0,-4.37113882867e-08,0.0,0.0,0.0,0.0,0.999999940395,0.0,12.3339977264,3.46825861931,-29.5,1.0"
12.3339977264,3.46825861931,-29.5,0.0,-0.0,135.0,T0,0,0,0,0,0,0,M0,"-0.707106769085,0.707106769085,0.0,0.0,-0.707106769085,-0.707106769085,0.0,0.0,0.0,0.0,1.0,0.0,12.3339977264,3.46825861931,-29.5,1.0"
12.3339977264,3.46825861931,-29.5,0.0,-0.0,-179.999994991,T0,0,0,0,0,0,0,M0,"-1.0,-8.74227765735e-08,0.0,0.0,8.74227765735e-08,-1.0,0.0,0.0,0.0,0.0,1.0,0.0,12.3339977264,3.46825861931,-29.5,1.0"
12.3339977264,3.46825861931,-29.5,0.0,-0.0,-135.00000483,T0,0,0,0,0,0,0,M0,"-0.70710682869,-0.70710670948,0.0,0.0,0.70710670948,-0.70710682869,0.0,0.0,0.0,0.0,1.0,0.0,12.3339977264,3.46825861931,-29.5,1.0"
12.3339977264,3.46825861931,-29.5,0.0,-0.0,-89.9999993168,T0,0,0,0,0,0,0,M0,"1.19248806385e-08,-1.0,0.0,0.0,1.0,1.19248806385e-08,0.0,0.0,0.0,0.0,1.0,0.0,12.3339977264,3.46825861931,-29.5,1.0"
12.3339977264,3.46825861931,-29.5,0.0,-0.0,-45.0000096593,T0,0,0,0,0,0,0,M0,"0.707106649876,-0.707106888294,0.0,0.0,0.707106888294,0.707106649876,0.0,0.0,0.0,0.0,1.0,0.0,12.3339977264,3.46825861931,-29.5,1.0"
22.9444503784,10.8262491226,-29.5,0.0,-0.0,0.0,T0,0,0,0,0,0,0,M0,"1.0,0.0,0.0,0.0,0.0,1.0,0.0,0.0,0.0,0.0,1.0,0.0,22.9444503784,10.8262491226,-29.5,1.0"
22.9444503784,10.8262491226,-29.5,0.0,-0.0,45.0,T0,0,0,0,0,0,0,M0,"0.707106769085,0.707106769085,0.0,0.0,-0.707106769085,0.707106769085,0.0,0.0,0.0,0.0,1.0,0.0,22.9444503784,10.8262491226,-29.5,1.0"
22.9444503784,10.8262491226,-29.5,0.0,-0.0,90.0000025045,T0,0,0,0,0,0,0,M0,"-4.37113882867e-08,1.0,0.0,0.0,-1.0,-4.37113882867e-08,0.0,0.0,0.0,0.0,0.999999940395,0.0,22.9444503784,10.8262491226,-29.5,1.0"
22.9444503784,10.8262491226,-29.5,0.0,-0.0,135.0,T0,0,0,0,0,0,0,M0,"-0.707106769085,0.707106769085,0.0,0.0,-0.707106769085,-0.707106769085,0.0,0.0,0.0,0.0,1.0,0.0,22.9444503784,10.8262491226,-29.5,1.0"
22.9444503784,10.8262491226,-29.5,0.0,-0.0,-179.999994991,T0,0,0,0,0,0,0,M0,"-1.0,-8.74227765735e-08,0.0,0.0,8.74227765735e-08,-1.0,0.0,0.0,0.0,0.0,1.0,0.0,22.9444503784,10.8262491226,-29.5,1.0"
22.9444503784,10.8262491226,-29.5,0.0,-0.0,-135.00000483,T0,0,0,0,0,0,0,M0,"-0.70710682869,-0.70710670948,0.0,0.0,0.70710670948,-0.70710682869,0.0,0.0,0.0,0.0,1.0,0.0,22.9444503784,10.8262491226,-29.5,1.0"
22.9444503784,10.8262491226,-29.5,0.0,-0.0,-89.9999993168,T0,0,0,0,0,0,0,M0,"1.19248806385e-08,-1.0,0.0,0.0,1.0,1.19248806385e-08,0.0,0.0,0.0,0.0,1.0,0.0,22.9444503784,10.8262491226,-29.5,1.0"
22.9444503784,10.8262491226,-29.5,0.0,-0.0,-45.0000096593,T0,0,0,0,0,0,0,M0,"0.707106649876,-0.707106888294,0.0,0.0,0.707106888294,0.707106649876,0.0,0.0,0.0,0.0,1.0,0.0,22.9444503784,10.8262491226,-29.5,1.0"
31.7073040009,2.70477509499,-29.5,0.0,-0.0,0.0,T0,0,0,0,0,0,0,M0,"1.0,0.0,0.0,0.0,0.0,1.0,0.0,0.0,0.0,0.0,1.0,0.0,31.7073040009,2.70477509499,-29.5,1.0"
31.7073040009,2.70477509499,-29.5,0.0,-0.0,45.0,T0,0,0,0,0,0,0,M0,"0.707106769085,0.707106769085,0.0,0.0,-0.707106769085,0.707106769085,0.0,0.0,0.0,0.0,1.0,0.0,31.7073040009,2.70477509499,-29.5,1.0"
31.7073040009,2.70477509499,-29.5,0.0,-0.0,90.0000025045,T0,0,0,0,0,0,0,M0,"-4.37113882867e-08,1.0,0.0,0.0,-1.0,-4.37113882867e-08,0.0,0.0,0.0,0.0,0.999999940395,0.0,31.7073040009,2.70477509499,-29.5,1.0"
31.7073040009,2.70477509499,-29.5,0.0,-0.0,135.0,T0,0,0,0,0,0,0,M0,"-0.707106769085,0.707106769085,0.0,0.0,-0.707106769085,-0.707106769085,0.0,0.0,0.0,0.0,1.0,0.0,31.7073040009,2.70477509499,-29.5,1.0"
31.7073040009,2.70477509499,-29.5,0.0,-0.0,-179.999994991,T0,0,0,0,0,0,0,M0,"-1.0,-8.74227765735e-08,0.0,0.0,8.74227765735e-08,-1.0,0.0,0.0,0.0,0.0,1.0,0.0,31.7073040009,2.70477509499,-29.5,1.0"
31.7073040009,2.70477509499,-29.5,0.0,-0.0,-135.00000483,T0,0,0,0,0,0,0,M0,"-0.70710682869,-0.70710670948,0.0,0.0,0.70710670948,-0.70710682869,0.0,0.0,0.0,0.0,1.0,0.0,31.7073040009,2.70477509499,-29.5,1.0"
31.7073040009,2.70477509499,-29.5,0.0,-0.0,-89.9999993168,T0,0,0,0,0,0,0,M0,"1.19248806385e-08,-1.0,0.0,0.0,1.0,1.19248806385e-08,0.0,0.0,0.0,0.0,1.0,0.0,31.7073040009,2.70477509499,-29.5,1.0"
31.7073040009,2.70477509499,-29.5,0.0,-0.0,-45.0000096593,T0,0,0,0,0,0,0,M0,"0.707106649876,-0.707106888294,0.0,0.0,0.707106888294,0.707106649876,0.0,0.0,0.0,0.0,1.0,0.0,31.7073040009,2.70477509499,-29.5,1.0"
11.360247612,-15.351480484,-29.5,0.0,-0.0,0.0,T0,0,0,0,0,0,0,M0,"1.0,0.0,0.0,0.0,0.0,1.0,0.0,0.0,0.0,0.0,1.0,0.0,11.360247612,-15.351480484,-29.5,1.0"
11.360247612,-15.351480484,-29.5,0.0,-0.0,45.0,T0,0,0,0,0,0,0,M0,"0.707106769085,0.707106769085,0.0,0.0,-0.707106769085,0.707106769085,0.0,0.0,0.0,0.0,1.0,0.0,11.360247612,-15.351480484,-29.5,1.0"
11.360247612,-15.351480484,-29.5,0.0,-0.0,90.0000025045,T0,0,0,0,0,0,0,M0,"-4.37113882867e-08,1.0,0.0,0.0,-1.0,-4.37113882867e-08,0.0,0.0,0.0,0.0,0.999999940395,0.0,11.360247612,-15.351480484,-29.5,1.0"
11.360247612,-15.351480484,-29.5,0.0,-0.0,135.0,T0,0,0,0,0,0,0,M0,"-0.707106769085,0.707106769085,0.0,0.0,-0.707106769085,-0.707106769085,0.0,0.0,0.0,0.0,1.0,0.0,11.360247612,-15.351480484,-29.5,1.0"
11.360247612,-15.351480484,-29.5,0.0,-0.0,-179.999994991,T0,0,0,0,0,0,0,M0,"-1.0,-8.74227765735e-08,0.0,0.0,8.74227765735e-08,-1.0,0.0,0.0,0.0,0.0,1.0,0.0,11.360247612,-15.351480484,-29.5,1.0"
