# Assembly action data format version 0.1

mainItem: groove
subItem: LL
durationTime: 8
sequence: 
  - 
    time: 0
    pose: 
      translation: [ -0.1, 0.03, 0.2 ]
      rotation: [ 
        1, 0, 0, 
        0, 1, -4.89652763e-12, 
        0, 4.89652763e-12, 1 ]
    subObject: 
      prehension: 
        type: prehension
        handFrame: 
          translation: [ 0, 0.1, 0 ]
          rotation: [ 
            0, 0, -1, 
            1, 0, 0, 
            0, -1, 0 ]
        graspPoints: 
          - [ 0, 0, 0.01 ]
          - [ 0, 0, -0.01 ]
  - 
    time: 1
    pose: 
      translation: [ -0.125840977, 0.0933199166, 0.122230973 ]
      rotation: [ 
        1, 0, 0, 
        0, 1, -4.89652763e-12, 
        0, 4.89652763e-12, 1 ]
    subObject: 
      prehension: 
        type: prehension
        handFrame: 
          translation: [ 0, 0.1, 0 ]
          rotation: [ 
            0, 0, -1, 
            1, 0, 0, 
            0, -1, 0 ]
        graspPoints: 
          - [ 0, 0, 0.01 ]
          - [ 0, 0, -0.01 ]
  - 
    time: 2
    pose: 
      translation: [ -0.1258, 0.0933, 4.56851741e-13 ]
      rotation: [ 
        1, 0, 0, 
        0, 1, -4.89652763e-12, 
        0, 4.89652763e-12, 1 ]
    subObject: 
      prehension: 
        type: prehension
        handFrame: 
          translation: [ 0, 0.1, 0 ]
          rotation: [ 
            0, 0, -1, 
            1, 0, 0, 
            0, -1, 0 ]
        graspPoints: 
          - [ 0, 0, 0.01 ]
          - [ 0, 0, -0.01 ]
  - 
    time: 3
    pose: 
      translation: [ -0.093854924, 0.0720034866, 3.52572774e-13 ]
      rotation: [ 
        0.979091529, 0.2034202, 0, 
        -0.2034202, 0.979091529, -4.89652763e-12, 
        -9.96052631e-13, 4.79414872e-12, 1 ]
    subObject: 
      prehension: 
        type: prehension
        handFrame: 
          translation: [ 0, 0.1, 0 ]
          rotation: [ 
            0, 0, -1, 
            1, 0, 0, 
            0, -1, 0 ]
        graspPoints: 
          - [ 0, 0, 0.01 ]
          - [ 0, 0, -0.01 ]
  - 
    time: 4
    pose: 
      translation: [ -0.0669417856, 0.0557652039, 2.73064351e-13 ]
      rotation: [ 
        0.971454282, 0.237226847, 0, 
        -0.237226847, 0.971454282, -4.89657742e-12, 
        -1.16159962e-12, 4.7568011e-12, 1 ]
    subObject: 
      prehension: 
        type: prehension
        handFrame: 
          translation: [ 0, 0.1, 0 ]
          rotation: [ 
            0, 0, -1, 
            1, 0, 0, 
            0, -1, 0 ]
        graspPoints: 
          - [ 0, 0, 0.01 ]
          - [ 0, 0, -0.01 ]
  - 
    time: 5
    pose: 
      translation: [ -0.0563366628, 0.0531754579, 2.60383459e-13 ]
      rotation: [ 
        0.991647521, 0.128977494, 0, 
        -0.128977494, 0.991647521, -4.89657742e-12, 
        -6.31548284e-13, 4.85567886e-12, 1 ]
    subObject: 
      prehension: 
        type: prehension
        handFrame: 
          translation: [ 0, 0.1, 0 ]
          rotation: [ 
            0, 0, -1, 
            1, 0, 0, 
            0, -1, 0 ]
        graspPoints: 
          - [ 0, 0, 0.01 ]
          - [ 0, 0, -0.01 ]
  - 
    time: 6
    pose: 
      translation: [ -0.0512033609, 0.0519677816, 2.54469979e-13 ]
      rotation: [ 
        0.995380685, 0.0960067326, 0, 
        -0.0960067326, 0.995380685, -4.89657742e-12, 
        -4.70104399e-13, 4.87395858e-12, 1 ]
    subObject: 
      prehension: 
        type: prehension
        handFrame: 
          translation: [ 0, 0.1, 0 ]
          rotation: [ 
            0, 0, -1, 
            1, 0, 0, 
            0, -1, 0 ]
        graspPoints: 
          - [ 0, 0, 0.01 ]
          - [ 0, 0, -0.01 ]
  - 
    time: 7
    pose: 
      translation: [ -0.05, 0.05, 2.44831933e-13 ]
      rotation: [ 
        0.999949013, 0.0100981252, -9.62964972e-34, 
        -0.0100981252, 0.999949013, -4.89657742e-12, 
        -4.94462516e-14, 4.89632775e-12, 1 ]
    subObject: 
      prehension: 
        type: prehension
        handFrame: 
          translation: [ 0, 0.1, 0 ]
          rotation: [ 
            0, 0, -1, 
            1, 0, 0, 
            0, -1, 0 ]
        graspPoints: 
          - [ 0, 0, 0.01 ]
          - [ 0, 0, -0.01 ]
  - 
    time: 8
    pose: 
      translation: [ -0.04, 0.05, 2.44831933e-13 ]
      rotation: [ 
        0.999949013, 0.0100981252, -3.15287189e-23, 
        -0.0100981252, 0.999949013, -4.89657742e-12, 
        -4.94462516e-14, 4.89632776e-12, 1 ]
    subObject: 
      prehension: 
        type: prehension
        handFrame: 
          translation: [ 0, 0.1, 0 ]
          rotation: [ 
            0, 0, -1, 
            1, 0, 0, 
            0, -1, 0 ]
        graspPoints: 
          - [ 0, 0, 0.01 ]
          - [ 0, 0, -0.01 ]
