# Assembly action data format version 0.1

mainItem: cockpit
subItem: bolt
durationTime: 24
sequence:
  - 
    time: 0
    pose: 
      translation: [ 0.04, -0.027, 0.20 ]
      rotation: [ 
        -0.940390, 0.339908, -0.011363,
				-0.336084, -0.933889, -0.122064,
				-0.052102, -0.110969, 0.992457]
    subObject: 
      prehension: 
        type: prehension
        handFrame: 
          translation: [ 0, 0.1, 0 ]
          rotation: [ 
            0, 0.258819, -0.965926, 
            1, 0, 0, 
            0, -0.965926, -0.258819 ]
        graspPoints: 
          - [-0.010, 0.008, 0.013]
          - [0.010, -0.008, 0.013]
  - 
    time: 7
    pose: 
      translation: [ 0.04, -0.024, 0.141 ]
      rotation: [ 
        -0.940390, 0.339908, -0.011363,
				-0.336084, -0.933889, -0.122064,
				-0.052102, -0.110969, 0.992457]
    subObject: 
      prehension: 
        type: prehension
        handFrame: 
          translation: [ 0, 0.1, 0 ]
          rotation: [ 
            0, 0.258819, -0.965926, 
            1, 0, 0, 
            0, -0.965926, -0.258819 ]
        graspPoints: 
          - [-0.010, 0.008, 0.013]
          - [0.010, -0.008, 0.013]
  - 
    time: 8
    pose: 
      translation: [ 0.04, -0.024, 0.1405 ]
      rotation: [ 
        -0.983034, -0.183073, -0.011363,
				-0.180352, -0.975999, -0.122064,
				-0.033437, -0.117943, 0.992457]
    subObject: 
      prehension: 
        type: prehension
        handFrame: 
          translation: [ 0, 0.1, 0 ]
          rotation: [ 
            0, 0.258819, -0.965926, 
            1, 0, 0, 
            0, -0.965926, -0.258819 ]
        graspPoints: 
          - [-0.010, 0.008, 0.013]
          - [0.010, -0.008, 0.013]
  - 
    time: 9
    pose: 
      translation: [ 0.04, -0.024, 0.140 ]
      rotation: [ 
        -0.999902, -0.008180, -0.011363,
				-0.006733, -0.992499, -0.122064,
				-0.012276, -0.121975, 0.992457]
    subObject: 
      prehension: 
        type: prehension
        handFrame: 
          translation: [ 0, 0.1, 0 ]
          rotation: [ 
            0, 0.258819, -0.965926, 
            1, 0, 0, 
            0, -0.965926, -0.258819 ]
        graspPoints: 
          - [-0.010, 0.008, 0.013]
          - [0.010, -0.008, 0.013]
  - 
    time: 10
    pose: 
      translation: [ 0.04, -0.024, 0.1395 ]
      rotation: [ 
        -0.986013, -0.166282, -0.011363,
				0.166417, -0.978471, -0.122064,
				0.009179, -0.122247, 0.992457]
    subObject: 
      prehension: 
        type: prehension
        handFrame: 
          translation: [ 0, 0.1, 0 ]
          rotation: [ 
            0, 0.258819, -0.965926, 
            1, 0, 0, 
            0, -0.965926, -0.258819 ]
        graspPoints: 
          - [-0.010, 0.008, 0.013]
          - [0.010, -0.008, 0.013]
  - 
    time: 11
    pose: 
      translation: [ 0.04, -0.024, 0.139 ]
      rotation: [ 
        -0.943470, -0.331262, -0.011363,
				0.330114, -0.936015, -0.122064,
				0.029799, -0.118915, 0.992457]
    subObject: 
      prehension: 
        type: prehension
        handFrame: 
          translation: [ 0, 0.1, 0 ]
          rotation: [ 
            0, 0.258819, -0.965926, 
            1, 0, 0, 
            0, -0.965926, -0.258819 ]
        graspPoints: 
          - [-0.010, 0.008, 0.013]
          - [0.010, -0.008, 0.013]
  - 
    time: 12
    pose: 
      translation: [ 0.04, -0.024, 0.1385 ]
      rotation: [ 
        -0.866647, -0.498793, -0.011363,
				0.496297, -0.859529, -0.122064,
				0.051118, -0.111425, 0.992457]
    subObject: 
      prehension: 
        type: prehension
        handFrame: 
          translation: [ 0, 0.1, 0 ]
          rotation: [ 
            0, 0.258819, -0.965926, 
            1, 0, 0, 
            0, -0.965926, -0.258819 ]
        graspPoints: 
          - [-0.010, 0.008, 0.013]
          - [0.010, -0.008, 0.013]
  - 
    time: 13
    pose: 
      translation: [ 0.04, -0.024, 0.138 ]
      rotation: [ 
        -0.770777, -0.637003, -0.011363,
				0.633349, -0.764179, -0.122064,
				0.069072, -0.101281, 0.992457]
    subObject: 
      prehension: 
        type: prehension
        handFrame: 
          translation: [ 0, 0.1, 0 ]
          rotation: [ 
            0, 0.258819, -0.965926, 
            1, 0, 0, 
            0, -0.965926, -0.258819 ]
        graspPoints: 
          - [-0.010, 0.008, 0.013]
          - [0.010, -0.008, 0.013]
  - 
    time: 14
    pose: 
      translation: [ 0.04, -0.024, 0.1375 ]
      rotation: [ 
        -0.643248, -0.765573, -0.011363,
				0.760789, -0.637417, -0.122064,
				0.086206, -0.087162, 0.992457]
    subObject: 
      prehension: 
        type: prehension
        handFrame: 
          translation: [ 0, 0.1, 0 ]
          rotation: [ 
            0, 0.258819, -0.965926, 
            1, 0, 0, 
            0, -0.965926, -0.258819 ]
        graspPoints: 
          - [-0.010, 0.008, 0.013]
          - [0.010, -0.008, 0.013]
  - 
    time: 15
    pose: 
      translation: [ 0.04, -0.024, 0.137 ]
      rotation: [ 
        -0.496971, -0.867692, -0.011363,
				0.861948, -0.492083, -0.122064,
				0.100322, -0.070456, 0.992457]
    subObject: 
      prehension: 
        type: prehension
        handFrame: 
          translation: [ 0, 0.1, 0 ]
          rotation: [ 
            0, 0.258819, -0.965926, 
            1, 0, 0, 
            0, -0.965926, -0.258819 ]
        graspPoints: 
          - [-0.010, 0.008, 0.013]
          - [0.010, -0.008, 0.013]
  - 
    time: 16
    pose: 
      translation: [ 0.04, -0.024, 0.1365 ]
      rotation: [ 
        -0.344374, -0.9388801, -0.011363,
				0.932317, -0.340419, -0.122064,
				0.110725, -0.052617, 0.992457]
    subObject: 
      prehension: 
        type: prehension
        handFrame: 
          translation: [ 0, 0.1, 0 ]
          rotation: [ 
            0, 0.258819, -0.965926, 
            1, 0, 0, 
            0, -0.965926, -0.258819 ]
        graspPoints: 
          - [-0.010, 0.008, 0.013]
          - [0.010, -0.008, 0.013]
  - 
    time: 17
    pose: 
      translation: [ 0.04, -0.024, 0.136 ]
      rotation: [ 
        -0.175862, -0.984349, -0.011363,
				0.977295, -0.173193, -0.122064,
				0.118185, -0.032571, 0.992457]
    subObject: 
      prehension: 
        type: prehension
        handFrame: 
          translation: [ 0, 0.1, 0 ]
          rotation: [ 
            0, 0.258819, -0.965926, 
            1, 0, 0, 
            0, -0.965926, -0.258819 ]
        graspPoints: 
          - [-0.010, 0.008, 0.013]
          - [0.010, -0.008, 0.013]
  - 
    time: 18
    pose: 
      translation: [ 0.04, -0.024, 0.1355 ]
      rotation: [ 
        0.000299, -0.999935, -0.011363,
				0.992521, 0.001683, -0.122064,
				0.122075, -0.011242, 0.992457]
    subObject: 
      prehension: 
        type: prehension
        handFrame: 
          translation: [ 0, 0.1, 0 ]
          rotation: [ 
            0, 0.258819, -0.965926, 
            1, 0, 0, 
            0, -0.965926, -0.258819 ]
        graspPoints: 
          - [-0.010, 0.008, 0.013]
          - [0.010, -0.008, 0.013]
  - 
    time: 19
    pose:
      translation: [ 0.04, -0.024, 0.135 ]
      rotation: [ 
        0.162274, -0.986680, -0.011363,
				0.979139, 0.162440, -0.122064,
				0.122284, 0.008682, 0.992457]
    subObject: 
      prehension: 
        type: prehension
        handFrame: 
          translation: [ 0, 0.1, 0 ]
          rotation: [ 
            0, 0.258819, -0.965926, 
            1, 0, 0, 
            0, -0.965926, -0.258819 ]
        graspPoints: 
          - [-0.010, 0.008, 0.013]
          - [0.010, -0.008, 0.013]
  - 
    time: 20
    pose:
      translation: [ 0.04, -0.024, 0.1345 ]
      rotation: [ 
        0.330176, -0.942851, -0.011363,
				0.936395, 0.329037, -0.122064,
				0.118949, 0.029662, 0.992457]
    subObject: 
      prehension: 
        type: prehension
        handFrame: 
          translation: [ 0, 0.1, 0 ]
          rotation: [ 
            0, 0.258819, -0.965926, 
            1, 0, 0, 
            0, -0.965926, -0.258819 ]
        graspPoints: 
          - [-0.010, 0.008, 0.013]
          - [0.010, -0.008, 0.013]
  - 
    time: 21
    pose:
      translation: [ 0.04, -0.024, 0.134 ]
      rotation: [ 
        0.483252, -0.875407, -0.011363,
				0.868246, 0.480883, -0.122064,
				0.112320, 0.049122, 0.992457]
    subObject: 
      prehension: 
        type: prehension
        handFrame: 
          translation: [ 0, 0.1, 0 ]
          rotation: [ 
            0, 0.258819, -0.965926, 
            1, 0, 0, 
            0, -0.965926, -0.258819 ]
        graspPoints:
          - [-0.010, 0.008, 0.013]
          - [0.010, -0.008, 0.013]
  - 
    time: 22
    pose:
      translation: [ 0.04, -0.024, 0.1335 ]
      rotation: [ 
        0.639497, -0.768710, -0.011363,
				0.762123, 0.635822, -0.122064,
				0.101056, 0.069399, 0.992457]
    subObject: 
      prehension: 
        type: prehension
        handFrame: 
          translation: [ 0, 0.1, 0 ]
          rotation: [ 
            0, 0.258819, -0.965926, 
            1, 0, 0, 
            0, -0.965926, -0.258819 ]
        graspPoints:
          - [-0.010, 0.008, 0.013]
          - [0.010, -0.008, 0.013]

  - 
    time: 23
    pose: 
      translation: [ 0.04, -0.024, 0.133 ]
      rotation: [ 
        0.763129, -0.646161, -0.010488, 
        0.640342, 0.758247, -0.122575, 
        0.087156, 0.086824, 0.992404 ]
    subObject: 
      prehension: 
        type: prehension
        handFrame: 
          translation: [ 0, 0.1, 0 ]
          rotation: [ 
            0, 0.258819, -0.965926, 
            1, 0, 0, 
            0, -0.965926, -0.258819 ]
        graspPoints: 
          - [-0.010, 0.008, 0.013]
          - [0.010, -0.008, 0.013]
